533.95
533.1
535.23
537.24
537.14
536.16
537.74
541.47
545.13
546.8
544.99
544.16
543.82
542.33
535.8
527.72
532.02
532.85
531.66
523.1
522.41
527.35
533.7
531.84
532.63
531.12
528.96
528.02
531.21
529.58
533.66
533.33
532.46
530.93
533.98
534.64
540.34
541.51
540.52
537.16
535.16
536.94
535.59
534.51
535.12
536.03
536.91
536.17
535.12
537.29
538.36
538.55
539.25
539.84
538.4
536.34
536.68
538.23
536.5
536.9
533.39
534.48
533.88
536.71
537.05
536.34
536.3
534.37
536.04
536.93
541.06
538.11
539.06
540.26
538.89
537.06
538.18
538.36
538.13
539.16
551.15
552.66
552.21
554.64
554.04
556.04
564.28
564.46
572.14
567.75
572.09
570.93
575.72
572.91
569.28
570.44
571.21
569.6
572.03
571.12
571.32
573.08
580.26
581.64
584.94
585.28
579.31
572.2
577.42
575.15
574.38
577.08
566.1
565.45
570.5
571.9
575.6
574.27
572.24
573.29
580.1
580.78
577.58
579.39
578.55
573.86
576.37
575.61
576.73
575.96
576.11
577.2
573.64
574.04
573.87
573.77
574.94
577.46
574.84
574.88
574.61
572.89
575.89
574.2
575.29
578.38
580.15
578.58
580.43
581.87
582.66
584.99
582.1
581.3
582.13
583.3
584
583.9
582.92
585.07
584.38
585.66
585.16
583.96
582.33
583.53
584.06
585.39
590.03
589.44
588.04
585.36
585.74
584.84
584.25
584.36
585.31
586.36
588.07
586.43
586.85
584.06
576.8
576.13
569.55
572.98
575.19
572.92
577.67
575.71
576.45
577.7
577.04
575.75
574.6
576.15
574.58
573.77
574.14
576.2
578.59
577.66
579.71
582.11
580.65
579.42
578.26
576.67
579.45
578.61
579.67
581.31
579.76
581.85
583.8
583.08
582.3
578.57
579.8
580.46
580.98
579.3
579.46
580.16
580.93
580.39
581.51
581.15
577.36
574.63
576.06
576.42
576.88
575.22
577.26
577.86
576.46
576.1
577.43
576.28
576.22
575.6
576.2
574.93
574.58
574.36
575.64
576.57
578.29
579.08
578.43
575.57
577.15
577.03
576.78
576.72
576.88
577.19
578.08
578.76
579.36
578.5
577.71
579.12
579.94
581.94
584.74
583.87
584.2
582.59
583.74
584.35
583.74
584.61
584.84
583.28
584.02
584.46
584.11
584.33
584.32
585.08
585.14
585.02
585.49
584.67
589.55
611.45
618.82
620.53
623.74
633.15
631.81
632.73
630.46
631.25
633.26
635.94
645.7
643.81
646.67
645.38
648.86
649.32
651.27
644.02
645.39
650.42
668.26
672.11
683.16
673.77
671.07
675.19
679.74
682.04
687.84
693.15
679.23
690.23
696.48
691.34
694.52
700.07
704.47
703.87
718.67
688.52
694.56
691.6
691.42
690.43
690.99
703.06
701.37
705.39
695.89
692.08
696.24
695.07
692.02
693.96
689.58
692.98
694.27
691.47
691.28
689.53
691.28
689.93
681.46
675.13
666.04
685
683.11
683.8
690.23
688.77
685.29
685.89
685.28
681.12
684.52
685.21
683.12
680.63
681.25
681.39
675.79
675.19
675.36
682.75
680.39
683.72
686.69
690.42
689.54
693.78
696.24
693.99
693.31
691.95
693.66
696.14
713.29
725.79
727.87
732.57
728.44
731.3
732.18
735.21
735.08
738.18
740.3
735.22
735.89
736.42
739.35
738.8
743.51
749.32
759.87
766.66
764.07
772.05
773.11
767.45
771.19
770.79
774.94
772.94
768.2
740.81
721.71
739.88
740.1
734.65
736.35
740.23
749.71
751.82
745.08
745.22
744.43
752.24
754.97
756.9
753.25
744.05
743.97
748.04
743.24
737.26
738.37
736.48
743.42
746.01
744.31
745.53
755.08
752.98
754.25
752.56
750.7
751.47
752.38
754.9
771.33
774.58
771.97
772.35
751.35
751.66
754.91
755.42
756.08
752.91
752.29
748.27
747.4
747.89
751.74
751.17
750.43
752.06
751.31
752.66
756.38
757.33
762.52
763.47
761.31
763.53
760.63
760.45
763.27
764.46
763.48
763.94
762.52
754.3
759.29
758.75
759.97
759.25
760.91
760.89
761.21
761.1
755.14
745.37
751.45
750.35
737.96
740.73
739.82
741.3
741.71
734.72
740.91
737.41
733.26
729.23
694.63
700.43
688.9
703.82
705.11
704.76
709.27
709.06
709.39
706.42
697.5
672.53
678.22
648.69
667.94
668.56
681.01
665.01
656.65
653.66
652.15
656.15
658.47
666.1
677.61
671.57
670.33
657.97
658.72
668.08
664.59
671.56
676.47
670.51
668.34
662.33
666.02
663.9
664.9
649.35
630.99
625.27
628.95
624.78
613.52
621.17
602.42
603.7
592.43
553.93
580.15
580.78
579.27
572.92
588.75
590.29
590.78
588.91
590.98
591.66
584.77
581.88
572.52
561.46
600.14
611.49
621.15
607.12
615
621.12
625.44
625.63
628.32
638.43
653.43
656.85
670.77
675.93
655.2
669.01
653.73
660.11
665.95
659.06
662.11
656.13
655.33
641.46
652.89
650.64
659.06
661.3
655.99
658.92
662.33
664.92
663.98
689.56
687.55
687.85
686.66
672.48
675.58
683.85
677.47
681.01
676.56
677.53
680.38
679.91
680.71
678.14
659.61
659.58
655.83
655.27
656.33
662.52
671.04
665.43
662.75
663.34
661.13
657.02
649.82
647.37
654.01
655
656.7
653.69
652.6
651.67
626.69
627.67
628.22
623.36
629.11
632.98
633.02
626.99
634.34
630.75
632.46
630.15
622.39
646.95
645.77
644.03
641.04
644.85
649.16
647.91
646.85
647.39
638.76
637.71
637.04
632.62
632.53
634.42
637.35
640
638.5
644.44
643.1
645.69
647.29
657.39
657.6
655.79
657.07
655.91
651.29
649.99
649.55
646.5
649.09
648.49
650.11
649.89
645.97
645.81
640.35
643.68
648.85
648.27
647.83
645.96
647.05
648.66
646.57
646.38
642.06
634.54
633.15
634.32
628.85
632.21
634.6
635.05
636.65
633.27
631.8
635.06
632.5
632.6
633
632.57
638.37
640.21
637.28
639.11
638.25
636.81
637.98
638.78
639.99
637.74
636.97
635.09
635.88
637.33
638.61
638.89
638.5
649.31
652.31
651.79
662.51
669.5
665.64
665.69
